# Dataset 2 for testing whether two samples are consistent
# Points randomly sampled from Gaussian with mean=0.2 std=1
5.277570744813722126e-01
-3.296023349323823903e-01
1.028138223714848865e+00
-9.272763330786921721e-01
-1.061714430679999710e-01
7.146119896255105353e-01
2.362788200396477023e-01
1.271231882871046714e+00
1.561462929494952245e+00
1.624876084378291896e+00
5.149999594333871666e-01
6.584883611309423346e-01
1.325105369757359597e+00
1.164300023737607992e+00
-1.585696511387471919e+00
2.668782329434813860e+00
1.228341616409290293e-01
8.960373195048931816e-01
1.251568306048486567e+00
2.915895792797592589e-01
1.430082494741354182e+00
-2.357444515411114772e+00
-1.115806278164196641e+00
-6.593189296068187044e-01
4.616636127831398873e-01
8.539701265765331506e-01
2.074462795633437162e-01
-1.592829117737987188e-02
7.159792545184917589e-01
1.667001098830811268e+00
2.989877603507157255e-01
-1.869148269556147879e-01
-5.872919613285421114e-02
1.104059626485688339e-01
1.505220856361775050e+00
-4.285079828399578905e-01
1.111538224790748597e+00
-2.647998966426662326e-01
-9.721083098363308972e-03
-8.340082046362757850e-01
3.386563621919429501e-01
-6.979242864030976712e-02
4.870396611619040583e-01
1.689233091946283905e-01
1.192578566707692828e-01
1.019112660601306564e+00
2.033548049487030607e-01
-3.281753199877522342e-01
5.160256087827497229e-01
-3.847114776254869084e-01
8.541411692596987404e-01
9.218470514209806677e-01
-9.353347445821382777e-01
1.342581841266598186e+00
-2.295452470787308630e-01
8.610183283616785754e-01
-1.703987667209120538e+00
-3.162056410489824665e-01
-8.417526115099582817e-02
-8.318528680121388685e-01
-1.051892036195261060e+00
-9.946558663767507413e-03
-1.029598435504006870e+00
-5.851729865673591657e-01
1.689012431970903005e+00
1.580943022622407046e+00
1.529738170889526794e+00
-2.890377298576712883e-01
-1.923551033578467240e-01
6.034614023286346551e-01
1.108267153088405399e+00
-7.278891823581494780e-01
-3.441089710524983247e-01
-7.650637499720840395e-01
-8.520719752216778797e-01
-2.527676668623545231e-01
6.647896222297892121e-01
-7.736882686535606624e-02
1.306518443090901815e+00
-1.588459233211395594e-01
2.465983007095007840e-01
-1.429749759568854195e+00
9.775317734647404055e-03
6.017241351443530784e-01
1.768524381446324734e-01
6.218827719291482037e-01
4.465756216379878074e-01
-1.747974519576793950e+00
1.414181238516960981e+00
-1.971695213333177543e+00
-7.471287041932722639e-02
-1.449087454976141665e+00
4.470949861921919011e-02
-6.428428463988107300e-01
-9.189275858861600810e-01
5.327898189113574601e-01
1.023617039592057187e+00
-9.272990460160583925e-01
8.045075298300581323e-01
9.390909732272230137e-01
8.790154717476010848e-01
-1.118256162703371581e-01
1.220623980667598474e+00
2.831580946422845857e-01
-6.423699489640533056e-02
1.056131679477378071e+00
-1.614850895489563509e+00
9.375050187446871686e-01
1.845794292365022571e+00
-3.394495162380889997e-01
-1.015833871019055645e-01
9.293754182662292695e-01
1.306951853406693176e-02
2.598936819776219154e-01
2.124407261731014351e+00
1.260830711778511803e+00
3.190433673393444636e-03
-5.240033976697799911e-01
-4.701037608553674807e-01
1.306768594002736483e+00
1.664887773119211989e+00
5.425361010386686722e-01
-7.634107165357675306e-01
-2.202017303008538818e-01
5.871358035573845946e-01
8.321991672831172693e-01
8.288413103764917800e-01
-4.078176580522910322e-01
-2.107286666649258455e-01
1.051065922809134356e+00
4.203261634248331990e-01
-7.136838889774999029e-01
-1.004509089966866942e+00
7.687352940314875482e-01
5.306131086818619558e-01
-3.122756686765369438e-01
1.227411072720887425e-01
-4.174135408907064249e-01
5.656375821317778385e-01
-1.153446392325358394e+00
1.271305016637785057e+00
5.856788726623634034e-01
-4.219127641505278636e-01
-1.229146415440557583e+00
-4.350662835124047834e-01
-6.535494510290693615e-01
-4.671794379040904999e-01
5.386740749178522414e-01
-1.291775344181013696e-01
1.253556396899611292e+00
