# Dataset 1 for testing whether two samples are consistent
# Points randomly sampled from Gaussian with mean=0 std=1
3.853709650141928789e-01
-6.761703602247470801e-01
-6.118030693682314780e-01
1.333028304273826681e+00
-4.367723527249569582e-01
1.987210741474840225e-01
6.196082493833493521e-02
1.214778403605815300e-02
1.343462318245749909e+00
4.410093833127424201e-01
1.171745558149108468e-01
-6.054967928411303379e-01
4.966600595015593922e-01
6.021898022745107992e-01
-1.021504049494147637e+00
-2.682728351558002267e+00
-2.062451807733371112e+00
2.676157481876416666e-01
-2.606137050713454584e-01
-4.232880125561842011e-01
1.053190740659110114e+00
1.164082296968569352e+00
-4.009021596382019575e-02
-1.067040631739206047e+00
-2.552350055937004480e+00
1.376157161398373185e+00
-5.428100091091483392e-01
1.294888484655115413e+00
-4.199333596585723694e-01
6.521042933492126048e-01
-2.266594829133770361e-01
-1.072241064258554200e-01
4.906552601400973601e-01
1.351455651508592259e+00
-5.661371802606801618e-01
-3.659904857666620437e-01
-1.106982972396446385e+00
-1.118260031854747122e-01
1.622406878501540806e-01
-8.976950603783916405e-01
2.720731168398253796e-01
-8.089341982272819642e-01
-2.123719051959128412e-01
3.288278511622562406e-02
7.409880724142847708e-01
-1.866422231081714456e+00
-2.117882629116913051e+00
6.926099253890030116e-01
8.221149762440775888e-01
1.094290461768746114e+00
-4.972704642820439114e-01
2.253158424176572527e+00
5.173976305425485034e-01
4.429404661715488634e-01
-2.776737344778314465e-01
1.444565699715501250e-01
1.638796774951507329e+00
2.781355258637611128e-01
1.493995197686073251e+00
4.387716457999419339e-01
-2.053109513673911479e+00
9.581872285490230512e-01
-4.613076150801748154e-01
-1.899941030343508253e-01
-2.541787608998484216e-01
-3.296833965643308217e-01
-3.250306565865932473e-01
-1.673475131489752021e+00
3.219176885992309778e-01
-2.821120719989487213e-01
-3.938061335905833071e-01
6.579543171011645875e-01
5.888202804230836529e-01
-3.401817806410891709e-01
2.710719476099865966e-01
7.211167193468334125e-01
-1.189205544096537448e+00
2.651711673717493389e-01
-1.021923534667103506e-01
1.450671423783723935e+00
-6.935934163522926299e-02
2.978660897391591234e-01
-1.129762761618250844e+00
1.631560970587543791e+00
-4.776714503268681411e-01
-1.438684598604120235e-01
-2.757709043604762988e-01
-9.878783985445227511e-02
-4.866850069849050775e-01
-8.812510104477470074e-01
-1.735812396601508489e-01
8.099487021129866404e-01
-3.350399832235295694e-01
8.781028535354339082e-02
3.920511279474246935e-01
-9.370209280311632138e-01
1.295932930161603602e+00
8.593740777772324035e-01
7.670111323595540931e-01
8.110652447660750275e-02
